54

0
1
2
3
4
5
6
7
8
9
10
11
12
13
14
15
16
17
18
19
20
21
22
23
24
25
26
27
28
29
30
31
32
33
34
35
36
37
38
39
40
41
42
43
44
45
46
47
48
49
50
51
52
53

9
9
9
9
9
9
9
9
9
9
9
9
9
9
9
9
9
9
9
9
9
9
9
9
9
9
9
9
9
9
9
9
9
9
9
9
9
9
9
9
9
9
9
9
9
9
9
9
9
9
9
9
9
9

-58.5 29.25 0
-49.5 29.25 0
-49.5 38.25 0
-58.5 38.25 0
-45 29.25 0
-36 29.25 0
-36 38.25 0
-45 38.25 0
-31.5 29.25 0
-22.5 29.25 0
-22.5 38.25 0
-31.5 38.25 0
-18 29.25 0
-9 29.25 0
-9 38.25 0
-18 38.25 0
-4.5 29.25 0
4.5 29.25 0
4.5 38.25 0
-4.5 38.25 0
9 29.25 0
18 29.25 0
18 38.25 0
9 38.25 0
22.5 29.25 0
31.5 29.25 0
31.5 38.25 0
22.5 38.25 0
36 29.25 0
45 29.25 0
45 38.25 0
36 38.25 0
49.5 29.25 0
58.5 29.25 0
58.5 38.25 0
49.5 38.25 0
-58.5 15.75 0
-49.5 15.75 0
-49.5 24.75 0
-58.5 24.75 0
-45 15.75 0
-36 15.75 0
-36 24.75 0
-45 24.75 0
-31.5 15.75 0
-22.5 15.75 0
-22.5 24.75 0
-31.5 24.75 0
-18 15.75 0
-9 15.75 0
-9 24.75 0
-18 24.75 0
-4.5 15.75 0
4.5 15.75 0
4.5 24.75 0
-4.5 24.75 0
9 15.75 0
18 15.75 0
18 24.75 0
9 24.75 0
22.5 15.75 0
31.5 15.75 0
31.5 24.75 0
22.5 24.75 0
36 15.75 0
45 15.75 0
45 24.75 0
36 24.75 0
49.5 15.75 0
58.5 15.75 0
58.5 24.75 0
49.5 24.75 0
-58.5 2.25 0
-49.5 2.25 0
-49.5 11.25 0
-58.5 11.25 0
-45 2.25 0
-36 2.25 0
-36 11.25 0
-45 11.25 0
-31.5 2.25 0
-22.5 2.25 0
-22.5 11.25 0
-31.5 11.25 0
-18 2.25 0
-9 2.25 0
-9 11.25 0
-18 11.25 0
-4.5 2.25 0
4.5 2.25 0
4.5 11.25 0
-4.5 11.25 0
9 2.25 0
18 2.25 0
18 11.25 0
9 11.25 0
22.5 2.25 0
31.5 2.25 0
31.5 11.25 0
22.5 11.25 0
36 2.25 0
45 2.25 0
45 11.25 0
36 11.25 0
49.5 2.25 0
58.5 2.25 0
58.5 11.25 0
49.5 11.25 0
-58.5 -11.25 0
-49.5 -11.25 0
-49.5 -2.25 0
-58.5 -2.25 0
-45 -11.25 0
-36 -11.25 0
-36 -2.25 0
-45 -2.25 0
-31.5 -11.25 0
-22.5 -11.25 0
-22.5 -2.25 0
-31.5 -2.25 0
-18 -11.25 0
-9 -11.25 0
-9 -2.25 0
-18 -2.25 0
-4.5 -11.25 0
4.5 -11.25 0
4.5 -2.25 0
-4.5 -2.25 0
9 -11.25 0
18 -11.25 0
18 -2.25 0
9 -2.25 0
22.5 -11.25 0
31.5 -11.25 0
31.5 -2.25 0
22.5 -2.25 0
36 -11.25 0
45 -11.25 0
45 -2.25 0
36 -2.25 0
49.5 -11.25 0
58.5 -11.25 0
58.5 -2.25 0
49.5 -2.25 0
-58.5 -24.75 0
-49.5 -24.75 0
-49.5 -15.75 0
-58.5 -15.75 0
-45 -24.75 0
-36 -24.75 0
-36 -15.75 0
-45 -15.75 0
-31.5 -24.75 0
-22.5 -24.75 0
-22.5 -15.75 0
-31.5 -15.75 0
-18 -24.75 0
-9 -24.75 0
-9 -15.75 0
-18 -15.75 0
-4.5 -24.75 0
4.5 -24.75 0
4.5 -15.75 0
-4.5 -15.75 0
9 -24.75 0
18 -24.75 0
18 -15.75 0
9 -15.75 0
22.5 -24.75 0
31.5 -24.75 0
31.5 -15.75 0
22.5 -15.75 0
36 -24.75 0
45 -24.75 0
45 -15.75 0
36 -15.75 0
49.5 -24.75 0
58.5 -24.75 0
58.5 -15.75 0
49.5 -15.75 0
-58.5 -38.25 0
-49.5 -38.25 0
-49.5 -29.25 0
-58.5 -29.25 0
-45 -38.25 0
-36 -38.25 0
-36 -29.25 0
-45 -29.25 0
-31.5 -38.25 0
-22.5 -38.25 0
-22.5 -29.25 0
-31.5 -29.25 0
-18 -38.25 0
-9 -38.25 0
-9 -29.25 0
-18 -29.25 0
-4.5 -38.25 0
4.5 -38.25 0
4.5 -29.25 0
-4.5 -29.25 0
9 -38.25 0
18 -38.25 0
18 -29.25 0
9 -29.25 0
22.5 -38.25 0
31.5 -38.25 0
31.5 -29.25 0
22.5 -29.25 0
36 -38.25 0
45 -38.25 0
45 -29.25 0
36 -29.25 0
49.5 -38.25 0
58.5 -38.25 0
58.5 -29.25 0
49.5 -29.25 0


